080000000010000000000001
080000000100000000000000
080000000000100000000000
080000000000000101100101
080000000000100000000000
080000000000001000011101
080000000000100000000000
080000000000001000011101
080000000000100000000000
080000200000001000011101
080000200000100000000000
080000200000001000011101
080000200000100000000000
080000200000001000011101
080000200000000000000000
080000200000000000000000
080000200000000000000000
080000200000000000000000
080000200000000000000000
080000200000000000000000
080000200000000000000000
080000200000000000000000
080000200000100000000000
080000200000001000011101
080000400000100000000000
080000400000001000011101
080000400000000000000000
080000400000000000000000
080000400000100000000000
080000400000001000011101
080000400000100000000000
080000400000001000011101
080000400000100000000000
080000400000001000011101
080000400000100000000000
080000400000001000011101
080000400000100000000000
080000400000001000011101
080000400000100000000000
080000400000001000011101
080000400000100000000000
080000600000001000011101
080000600000100000000000
080000600000001000011101
080000600000100000000000
080000600000001000011101
080000600000100000000000
080000600000001000011101
080000600000100000000000
080000600000001000011101
080000600000100000000000
080000600000001000011101
080000600000100000000000
080000600000001000011101
080000600000100000000000
080000600000001000011101
080000800000100000000000
080000800000001000011101
080000800000100000000000
080000800000001000011101
080000800000100000000000
080000800000001000011101
080000800000100000000000
080000800000001000011101
080000800000100000000000
080000800000001000011101
080000800000100000000000
080000800000001000011101
080000800000100000000000
080000800000001000011101
080000800000100000000000
080000800000001000011101
080000800000100000000000
080000a00000001000011101
080000a00000100000000000
080000a00000001000011101
080000a00000100000000000
080000a00000001000011101
080000a00000100000000000
080000a00000001000011101
080000a00000100000000000
080000a00000001000011101
080000a00000100000000000
080000a00000001000011101
080000a00000100000000000
080000a00000001000011101
080000a00000100000000000
080000a00000001000011101
080000c00000100000000000
080000c00000001000011101
080000c00000100000000000
080000c00000001000011101
080000c00000100000000000
080000c00000001000011101
080000c00000100000000000
080000c00000001000011101
080000c00000100000000000
080000c00000001000011101
080000c00000100000000000
080000c00000001000011101
080000c00000100000000000
080000c00000001000011101
080000c00000100000000000
080000c00000001000011101
080000c00000100000000000
080000e00000001000011101
080000e00000100000000000
080000e00000001000011101
080000e00000100000000000
080000e00000001000011101
080000e00000100000000000
080000e00000001000011101
080000e00000100000000000
080000e00000001000011101
080000e00000100000000000
080000e00000001000011101
080000e00000100000000000
080000e00000001000011101
080000e00000100000000000
080000e00000001000011101
080001000000100000000000
080001000000001000011101
080001000000100000000000
080001000000001000011101
080001000000100000000000
080001000000001000011101
080001000000100000000000
080001000000001000011101
080001000000100000000000
080001000000001000011101
080001000000100000000000
080001000000001000011101
080001000000100000000000
080001000000001000011101
080001000000100000000000
080001000000001000011101
080001000000100000000000
080001200000001000011101
080001200000100000000000
080001200000001000011101
080001200000100000000000
080001200000001000011101
080001200000100000000000
080001200000001000011101
080001200000100000000000
080001200000001000011101
080001200100110000000101
080001201011010100010000
080001201011100100110011
080001200111100000100011
080001201011000100010011
080001200100101100000100
0800012011110011101011110100100000000100
080001400010001100000001
080001401000000000000000
080001401011110100010000
080001400111000000100011
080001400010000000000000
080001400000000000000100
080001400000000000000000
080001400000000000000000
080001400000100000000000
080001400000001001101000
080001400100101100000011
080001401011010100001000
080001400100100100000011
080001401011000100011011
0800014011110011101011110100100000000011
080001601011110100001000
080001601000000000000000
080001600000000000000000
080001600000000000000000
080001600010000000000000
080001600000000000001000
080001600000100000000000
080001600000001001101000
080001600100011010000101
080001600100100000100011
080001601000000000000000
0800016011110011101011110100100100100011
080001600100100000100010
080001800010001100000000
080001800100101000100011
080001800101100011010100
080001801110000000000010
080001800011001100000100
080001800101000011000100
080001800100001010001100
080001800001100011000100
080001800100101000100000
080001801101001111111001
080001800010001100000000
080001800100110000100000
080001800110000000010011
080001801110000000000001
080001800100001010100010
080001800011001000000100
0800018011110000000000001101001111111011
0800018011110000000000001111100001000101
080001a00100100000011100
0800018011111000000111100000000100000001
0800018011110000010011110100001100010001
080001a00110100000000010
080001a00100100000011010
080001a00110000000000001
080001a00110000110000000
080001a011110100010011110100001100010001
080001a00110100000000010
080001c00100011101110000
080001c00110000000000001
080001a011110000010011110100100000010111
080001c00110100000000010
080001c00000000100100000
080001c00110000000000001
080001c00100001100010001
080001c00100100000010100
080001c00100011101110000
080001c00000000100100000
080001c011110000011011110100000000010001
080001c00110100000000010
080001c00100011101110000
080001c00110000000000001
080001c01101000111111101
080001e00011100000000001
080001c011110111111111110100011101110000
080001c011110111111111111111111111100000
080001e00100100000001110
080001c011111111111010111111011111111111
080001e00110100000000000
080001e011110111111111111111111111110101
080001e00100100000001011
080001e011111111111011001111011111111111
080001e00110100000000000
080002001110011111110010
080001e011111111111011110010000000000001
080002000100000000000000
080002000010000000000000
080002000000000000000000
080002000010000000000000
080002000000000000000100
080002000000100000000000
080002000000001010001000
080002000010000000000000
080002000000000000000100
080002000010000000000000
080002000000000000100000
080002000100000000000010
080002000011100000011100
080002000100000000000010
080002200000000000000000
080002200100000000000010
080002200000000000010100
080002200010000000000000
080002200000000000000000
080002200000000000000000
080002201110011111111110
080002200010011000000000
080002201011010101110000
080002200100110000001101
080002200100110100001100
080002200001000010100100
080002200001101101100100
080002201101000100001001
080002200100001010100110
0800022011111000000110101111000000000000
080002400100110100001010
080002400010011000000000
080002400001101101100100
080002400100110000001010
080002400100001010100110
080002400001000010100100
080002401011110101110000
080002401101000100000101
080002400011101100000100
0800024011111000010101010011011000000001
080002400100011110011000
0800024011111000010101011110011111101110
080002400100011110011000
080002600011101100000100
080002601110011111110010
080002600011011000000001
080002600000100000000000
080002600000001010000000
080002600000100000000000
080002600000001010000000
080002600000100000000000
080002600000001010000000
080002600000100000000000
080002600000001010000100
080002601011111100000000
080002601011010111111000
080002601011110000001000
080002601011110011111000
080002800100011101110000
080002800100011010011110
080002801011111100000000
080002801011010111111000
080002801011110000001000
080002801011110011111000
080002800100011101110000
080002800100011010011110
080002800000100000000000
080002800000000101001001
080002800000100000000000
080002800000000100100101
080002800000000000000101
080002800101010100111100
080002800000000000000000
080002800000000000000000
080002800000000000000000
080002a00000000000000000
080002a00000000000000000
080002a00000000000000000
080002a00000000000000000
080002a00000000000000000
080002a00000000000000000
080002a00000000000000000
080002a00000000000000000
080002a00000000000000000
080002a00000000000000000
080002a00000000000000000
080002a00000000000000000
080002a00000000000000000
080002a00000000000000000
080002a00000000000000000
080002c00000000000000000
080002c00000000000000000
080002c00000000000000000
080002c00000000000000000
080002c00000000000000000
080002c00000000000000000
080002c00000000000000000
080002c00000000000000000
080002c00000000000000000
080002c00000000000000000
080002c00000000000000000
080002c00000000000000000
080002c00000000000000000
080002c00000000000000000
080002c00000000000000000
080002c00000000000000000
080002c00000000000000000
080002e00000000000000000
080002e00000000000000000
080002e00000000000000000
080002e00000000000000000
080002e00000000000000000
080002e00000000000000000
080002e00000000000000000
080002e00000000000000000
080002e00000000000000000
080002e00000000000000000
080002e00000000000000000
080002e00000000000000000
080002e00000000000000000
080002e00000000000000000
080002e00000000000000000
080003000000000000000000
080003000000000000000000
080003000000000000000000
080003000000000000000000
080003000000000000000000
080003000000000000000000
080003000000000000000000
080003000000000000000000
0800030011101011101001000100011000101000
0800030011101010010000000000010000001110
080003001110011110011110
080003000100000000000011
080003000000011100100000
0800030011110001110000011111101000100010
080003200100000010001011
0800030011101010010011001111110000000111
0800030011111010001001010000110000000011
0800030011101010010011111111101000000111
0800032011111011101110100100100100011100
0800032011111010001000001111100011111001
0800032011111011000010011111001100000111
080003200100000010001101
080003201010101000011000
0800032011111110100011001111101000011111
0800032011111010000000000100001100011101
0800032011111011000010001111001100000001
080003400000110000101100
0800032011110000000011100100010000001010
0800034011101010010001001111101000000010
080003400100001010100000
080003401101100100001011
0800034011110010000000010000010000000100
0800034011101011000111000011101011111111
0800034011110001000010001000000010001000
0800034011110000100000001111001001000000
080003600100001010100000
0800034011110001101010001000000010000101
080003600100010001100100
080003600000100000000010
0800036011111011101101000001101000100100
0800036011111011000010011111000011111001
0800036011111011000000000100010000010000
080003801011001010101101
0800036011111110000011100100010000000100
0800036011101010010001011101100100001000
080003800100010110100110
080003800000010000000100
0800036011101011000111000011010111111111
0800038011110001000000000100010110100110
080003801101001001101100
080003800011100000000010
080003801101100101101010
0800038011101010010000000100010001100100
0800038011111011101000000100000000001000
0800038011101011101001001001010100000010
080003a00100001010101100
080003a00000010000001110
080003a00100011010101110
080003a00100011011001000
080003a01101000001010011
080003a01101001101010110
080003a01101000001101001
080003a00010111000000000
080003a00000001000001000
080003a011101011101100110000010000001110
080003a011101011011001001111001100000001
080003a011111010001000101111011100000111
080003a011111010000001000100000011001100
080003c00100001100011111
080003c00111010000000000
080003a011101001110001101110011101000111
080003c00010000100000000
080003c011111100000000101111101000001100
080003c00000000100100000
080003c011110001110000101111001100000001
080003c011111010001001010100011100011100
080003c011101010010011111111000100000001
080003c011111010001000000100001100001101
080003e00100000010010101
080003c011110001111101111111101110110011
080003e00011001100010001
080003e011111011000001111111111010001100
080003e011111010000111111110101001000000
080003e00000110000101000
080003e011111011000000010100000000000011
000000000100001010000011
080003e011110011000011101111010000000010
080003e011111010000001001110101100011100
